Values
0.9159211947380815
-2.088300095134873
-1.1166318609118442
-1.115233168605009
-1.849215637566947
-0.28675898128016925
-0.9320927701455549
-1.5602383317191035
1.7043769977802612
0.6537281601148994
-0.5511911728710125
-0.05783858152423328
-0.9690341513158287
-0.019159321164070913
0.30230623286381
-0.44392010737205323
-0.8568264078362132
0.4481159087482195
0.336606013967988
-1.2126781268820301
1.204921560786835
-0.8726593013599913
0.48786235031932673
-0.2467562816655466
0.13585031180396132
-1.1775503733062225
-0.3094942725729289
0.10353832516919365
-2.008312493851224
-0.8697489868361888
-0.05314549407261656
-0.7400661798365229
0.05364218140323264
0.20038984272274898
-1.6370401239283257
0.29342352939642435
-0.6030507684591465
-0.1422347622810199
-0.6209693331531404
0.40510164842609714
-0.9186763737274638
0.4813772046128658
0.7017118775284782
-0.5362510686101611
-0.9757042351653495
-2.7871192544750865
-0.49548658733810286
0.04535447013313867
1.1932200008598102
0.7097847500229927
-0.41426081583295826
-0.04636926683069565
-0.9398530088630661
0.38450293524935575
-1.2021664752997225
-1.0882214557283263
1.9187414808196794
-0.4704315098265065
-0.8259175894993255
1.8899403445965957
-0.47457080554872505
0.6175556400582739
-0.5769281044221022
-0.05218320930592363
-2.4333961804899222
-1.8916694339827198
2.179122709379843
-0.8105494744617446
-0.12027499409179841
-0.8975683759611013
-1.4335493088143167
-1.3664736172476897
-1.3502018337730894
-0.27927268305171815
1.2347345525087217
-0.004487670363518462
-0.03822142316305877
0.829171419750149
-0.27248370852384046
1.1459923171608113
1.026234173337031
1.5390859786912179
0.01742416540310142
1.8689379693085781
-0.27908575409514436
0.2738841637108776
0.7865507145852101
-1.2501094482682322
-0.8123606374305672
-0.3442962269942519
-1.7298337999912197
0.24592419340024352
-1.3593903957582982
0.4645928661893373
-1.3654250056279142
-0.6311498763672228
-0.27262241407914833
-0.6402335249084216
1.1309119263331002
0.9310590701228889
-1.143347035880751
0.7980809562882
-0.4326285311432505
-0.32156487136328077
-1.8213563141522517
-0.7393937036905287
-0.010644396387278003
-0.8509203594848461
-1.8806766833278585
-0.06136805264185989
1.1675084840996217
-0.891567934133157
-1.122176738651297
0.4252619271640653
-2.8278534362867283
0.6911385740786474
-0.5704158115590999
0.571402205393446
0.11520595271906814
-1.4194600602352907
0.61684399235214
-1.6314090559262495
-0.5168130979291483
1.0910250656204945
0.5861213903674031
0.7062458237236087
-1.6542107707843585
-0.8007785282854031
-1.2504714793587886
0.32620486375490876
0.8851993066082029
-0.16032977074292984
-0.45323018939525733
1.222553544796304
0.9108724547367686
-1.797533139266379
-1.7242191120366317
-1.3568211901978529
0.9943053947450535
1.0849281559218953
1.988006784458447
0.8433725521770344
0.5879545853508762
-0.7919147818577614
-0.17114933787797415
0.19873606707073158
-0.3455472644215639
-1.0671502614174702
0.2433228018906346
-0.6198232901763261
0.40914162883029903
-0.5352291033194667
1.8774711457024795
-0.2660053092798896
0.09767538087584954
0.5840487814074563
-0.2839771139106325
-0.8807323652210778
-0.4492149589692454
-0.02680929993113734
-0.4614331042017361
-0.799645880352284
-0.43439168636417247
-1.0234843182046705
1.580734219509746
-0.041159800307708765
-1.5588047759576131
-1.1089340677085011
-0.8129485230658622
-0.44181173854075106
0.4289446137078278
1.8823579043669285
-0.11905578009101885
0.7363564313866642
1.3446656706082303
-1.461230187621302
-2.956311144300357
2.40995565269719
-1.0792864840811738
-0.9566384916390123
-0.6431643817317687
-1.3346815563424774
-0.15996434909174023
1.5968466511602954
0.06897813591059694
-0.2572923395572314
1.7263535278633282
1.0856669882429484
-0.6276402640312899
1.0075887690319918
1.3472109485242294
0.4398104476315313
0.9276951570531566
0.6465121334502472
1.4257675789963014
1.0327775042564828
0.2886414552495292
-1.142102687124841
-1.1143867223312773
1.0602425822020292
-1.3361004421919818
0.4606260216275977
-0.9762467306107441
1.158471480844187
-0.16430839992989577
-0.02972250484769685
-0.6773830982395703
0.6555216286363175
0.09877072529340158
-1.4312120378333972
-0.6846455326560041
0.2943127054598121
-0.5314330357208906
-1.8336517041092508
-0.5426768294032628
-1.2405292297467905
0.07099550921084784
-1.4819357581450563
1.8986974710654996
2.2814879695274
-0.029569622205380616
1.7209403568876263
-1.2363906905867215
-0.9215287901305932
-0.9488594004104071
-1.2216911914658402
-0.22757797655676848
0.12951447545324116
0.8849100182490592
-1.1090647725605423
-0.5336174541653865
0.4658912930537913
0.06627767863037241
-0.7898795460600699
0.7526033527051604
0.89770580149875
1.553472260713004
-0.637880005851446
1.224298881879054
0.7368340855187959
-0.3558757154156937
-1.9926959162898366
-0.9874278226318705
-0.256120331427577
-1.3990245094676386
0.9036391890146194
0.00688034979603819
-1.0293026008764543
-1.038240490058486
-1.598314322646267
-2.0629168776473055
1.1762532239202754
0.9239130228582546
0.16025115228782763
-0.1307862283461719
0.8415491436365902
1.2707075926712768
1.159473050142871
-0.1798734831643116
-0.2298002862131858
-1.31021840001949
0.07291688706405929
0.9278431763862492
-1.1230169017676261
-1.0288709126857667
-1.7064125149852356
-0.5773932636550952
2.8664761541073824
0.7831925928285355
-0.5697644735538283
0.5468410286954651
1.2416155319553475
1.1326173625332618
-0.09643339387983317
-0.5805202110842508
-0.05345716011285068
-0.9372875915202545
-0.31957307457150064
-0.0981128776202052
-1.2114127316668508
0.666620710309085
-0.8513027406032486
-1.090236974780205
0.4181946900318064
-1.3571008923518713
-0.9073143536090224
0.15046570314115384
2.3418634697251535
-0.22283855149705079
1.362261959635402
-1.574005124044214
-0.730483705314305
0.3877856411801052
-1.8174616817557763
0.8935408445050936
-1.2758271319988714
-0.6168427037714918
0.2336168658788361
1.390254848036057
-1.2130416897376826
1.0359180251798494
2.0663517530523228
-0.19556543288981654
-0.2976471665029303
0.24677050032951517
-0.5327529836602818
0.07885812920579625
0.9958738235092571
-0.8162042837963346
-0.7379483760422192
-1.4370214483823385
-0.6801628765012578
-1.0648716117523362
-1.0947866601543812
1.250570883841007
0.467303293519402
-0.4849788198655489
-1.6521735504943031
-0.4622631642399951
-0.6812547274873575
0.268986650761823
0.18488131770883903
0.3721651900513404
1.6700665139050141
-0.5536743957391065
-0.6332096013583
-0.48122699535305347
1.032295344288471
-0.028406562543220774
0.5648911799474889
-1.4642865206082298
1.779219350732503
0.2573676769520554
-0.09946391374656538
0.41911111237768
-1.0956647937311323
-0.8043827823759535
-0.926119467074169
-0.5659901483377807
0.510958784968444
-0.6022395503669874
1.3018349876621786
-1.7531928985413299
0.7331434106877913
-1.8522688606000766
0.5863897537932257
-0.2487049966276666
1.5960891241670123
-1.4762600900756357
0.4016869027471341
0.7614243585366856
0.3100319171827225
-0.37694093371587256
1.736084408018936
-1.4363520951908013
0.26372194779185576
-1.0930539774582568
-0.15662732029416934
-0.3479386290847435
-0.23971688634490657
0.5170489511360784
-0.21924094469628277
0.3018218523872778
0.1534390577843349
-0.17427965165075832
0.25615141674279296
-0.8900535811128949
0.3066599073290625
-1.4756740149878065
1.5088016242361528
-0.3676347311457457
1.4364182390768876
-0.0014564083764564758
1.2082655690927449
-0.15232779070256317
-0.3688206780378141
-0.9987979302645031
1.6203049924261843
1.1152733970871367
-0.5710375416950891
-2.056005841362943
-0.4361001664721358
-0.19450536875235844
0.15799046776692297
-0.9108289246120335
1.2714387332558192
0.23294508768646818
-0.3910641681517539
-0.06730456470213692
-0.3376273869052325
-0.35669948870951546
-1.0443746678898
-0.728535366945302
1.4281129004799324
-1.6383200130862414
0.08243946551848598
-1.203393387954652
-1.084584342475424
-0.9279482115982616
-0.04092017883798064
-1.5111100374042907
-0.6759625189538478
1.5015028830259203
0.5252520956328146
-1.3458412346818678
-0.6461744122918465
-0.887008224849728
0.8571731069860526
-0.33014627404771324
0.11149898694237624
0.8691424425641818
-1.481185668949619
1.8623723720634904
1.4820309063109958
2.199449364935178
-0.7480292416684936
-0.3085525011555881
-0.5639988667872737
0.43725686379912343
1.9579233799115894
-1.1768282069807703
-1.2594584820610115
0.4427792632492424
-0.8210686572009154
-1.8458046169743838
1.1998558661680623
-1.3333465135972347
-1.3636653842939395
2.141200078027117
1.6482497856570173
0.5785760398850206
0.2900402450801067
1.6399385964973274
-1.550043035719912
0.5518852117449162
1.3035239785982538
-0.1676189403514312
0.6412971012951828
-0.4573668192860492
0.06179947634716444
-1.312060433307392
0.6476059075058042
-1.6811407563197385
1.1340214890554194
-0.9367759041875147
-0.4068858591951952
-1.6196415024536737
0.19714079182838787
0.7585684652381356
-1.2523093320231262
2.1075624883318125
-0.7503268419707017
-0.2944652692849722
-1.1814340011325641
-0.3439016301613114
0.1640448687944581
0.8620053013163067
-0.6249565289395662
-1.5435561809632072
-1.7121570768214425
1.1478990668887028
0.15743506303936325
-0.7650956084614401
-1.0359293244409578
1.0630042243041766
0.13845767164315156
0.12412406779770331
2.1998004728721856
-1.424970283279517
0.35731913951606215
2.183461231323147
-0.5940259572679937
-1.0990366796675963
0.6708779843025693
0.034133859049240066
-1.4288099336731959
-1.167768055489168
-0.8699438439307469
1.1015740250253563
0.07273612446649239
-0.49581053120630353
0.9801940562060143
0.23297754959396294
0.9749024790579474
0.48562999299556275
0.20386678979938905
2.98628878519092
-0.9662632673725998
0.7693047129517077
1.5971584901358133
-0.8420952958409219
-2.2118588689379775
0.765008429330159
0.967455947316141
0.45083163608591625
1.0009224375099883
-1.2327467727737913
-1.2501349158175203
-1.0078893203925217
-0.6522271805670312
0.21930449943675676
-1.0496564583102566
-0.26286532525337086
-0.4359407587330397
-0.8990802767552117
1.8737365595531794
1.4220487223555882
0.4733443103679046
0.9314819389524794
0.6342178223525742
-0.4745404932688621
-0.006146979345398598
-0.3425839229859123
0.2011605631051784
0.13251561710169857
0.4804465812540862
1.0500695322539244
-0.7770330257591577
-0.4353139287200334
0.2574203874607197
0.44137110441611743
1.0868359483456747
-0.07355830692753866
0.7679316197572276
0.16222426430680803
0.27992569965458797
0.191945652945384
-0.9780312113811739
-0.7620000945345234
1.5101435779535206
-0.15315874469728272
-0.08964569896463287
2.1164536437194763
-0.1275295864312231
-0.8982173477197748
-0.8334263736574401
1.2001924669265231
-0.21680739765722903
-0.058453660496900185
-0.14615191675514758
-0.016147349499839973
-0.7585802390893255
-0.04754595325545264
-1.150891824417287
-0.129108691328137
-0.1760409595312893
-1.4240281195175106
-1.9910878897073012
0.16316688745581584
-0.8451365250578183
-0.7738032667611283
0.2976224333262611
-2.172976789624611
-1.4675570375895675
-1.751873144121503
2.2509287578199073
-0.9767996325511981
-1.4403444567058339
0.28812895028255453
0.6054292747427381
0.4764978015779468
-0.38566004816660987
1.2677631711717123
-1.0674802949229645
-0.9203459897595426
1.6435764923131502
-0.41057073233021724
-0.8014179518003633
0.6632040016921321
0.5875049282150996
-0.9103787172773415
-0.6002065694440286
-0.8872320493941677
0.5977106386509536
0.46659351214623557
-0.038596653951039464
0.13824034287759357
-1.1095577524348341
0.3501804296256595
0.024236016269712144
1.4983059111660997
-0.5264825638727585
0.5937684272631881
2.8258952118638967
-1.1332905815362515
1.623518674423381
0.3518366744827799
-0.2831117214154394
0.17847610174532283
0.6770668349729273
-0.3641661120770727
0.8851053497358408
-0.2185314094240225
-1.41173104290152
2.2482539515276376
0.6786647107473859
0.37059724406202177
0.0782980919392381
1.585698355765287
0.5002401072955891
1.759847627292542
0.3166841719382448
-1.886737407605729
-2.5449027787359397
-1.8260837330085287
0.21051820151571943
-0.7809794017739454
-0.20662809795263018
-0.08554358055464387
-0.4858597185383271
1.1292099615642326
0.8446621854521663
0.7610012563835438
-2.4904185196974433
0.04830856194134704
1.10082783675013
0.14676906955815153
1.4113593870347643
-0.4487969139037016
-1.2844739404772385
0.152728034865264
-0.2845219385357325
-0.3993358654958539
0.07976427560708058
0.884717353138033
1.5136933528691108
0.5937704439193616
-0.8110328471965395
-1.7389184871686147
0.11682045578250125
0.6787428621284841
0.9065350636804868
-0.9839387135137648
0.06499289967325893
-0.6042025623262034
-0.7281233868768587
-0.04407701140431865
1.725337501954752
-0.21727939115872466
0.4761388510980215
1.400258639836915
-0.38656035211148027
-0.43829836449830434
1.1207209890175343
1.9755508472494798
1.1995762547473066
0.39847213633463463
1.7807368351330943
0.6021934203292993
-1.5544638020841557
-0.06441626569102887
0.9075549200024654
0.09294001237314369
-0.18450065071381153
-2.062874501501796
-0.20354398061581216
0.1992136679766009
-0.7636803707911702
0.4594247529489856
-1.0642800061522824
2.0129958590215415
1.379482383017562
-0.47733950613648907
1.0139502336776727
-0.602144303682897
-1.5687176791865511
-2.332009428031863
0.03535259823263326
0.06727554319990282
-0.19598682020847719
-1.0901603249348737
-0.19019587051652068
0.28528753920178457
2.169964409612719
0.3919868489573212
1.1614379680414428
-0.7902483301500752
-0.04564086151702104
-0.48639499395160113
-0.12075582668122321
1.7920186358761674
-0.31220956056478183
1.8609340517476443
-0.05350543771944894
-0.0440655650313065
-0.8447380618189679
-0.7254500938635303
0.13207243039493308
0.16093801382760747
3.228036617596355
1.476622039190808
1.0369609806200821
-0.15777617949179398
0.9417934195354956
0.09351691437025324
-0.14380210106623587
-2.1481826034699445
-1.319398396998094
0.043065098790183075
1.0483476583900608
1.8064218867005866
0.4501073872846212
-0.5295643513206426
-1.6683393383213783
0.273916810513656
0.5953410289712219
-0.20661395555896847
1.028171589107612
0.4194482874815805
-1.250480212582717
0.3792336095442885
-0.2244007405765502
0.05197853845299789
1.2065229991978499
0.21875255589470802
-0.5346448333007312
0.27776541927343223
-0.9292165442521291
-0.6124730634172735
0.6289932338007526
-0.46164742685375
-0.657250814449375
1.838946609479853
-0.5875555458399183
-0.43841734841350244
1.132550153751412
-2.2795493374034574
1.8748414331117131
0.7056426619701741
-2.182570953716802
0.3051081619036257
-0.30341899475806117
0.20357354512205128
-0.729219062103712
-0.0042741990223077895
-0.9107465516796434
-1.544869865430739
-0.10791946129496167
-0.6627434741028971
-0.7834448928607436
-1.1274151489378543
-1.4953099862387564
-0.29895300015282045
1.2054811809852644
0.1600800852120989
0.371790569338297
0.5474053411430428
0.5469165064585901
1.8910275495240436
2.152149419207632
-1.224562384094853
0.657557040770715
-0.6721002408174661
-0.06326434012587152
-1.6745672417667403
0.9014539617718877
0.32603106720290725
-1.923592878115325
1.5673737394604523
-0.06534564654687623
-0.6241354823852294
0.28070836184616876
1.2302675482289576
-0.3117984944426418
0.4509941564176395
-1.481493431577426
-0.9372299885304901
-0.8842440775513526
0.5966649622109959
-2.7341949348749335
0.49260931831931726
0.14609016674318634
-0.6440750075928022
-0.2805508175549559
1.6586649233309487
-0.8298783624886119
0.5143216106847323
-0.46965894494901606
-0.7684725577631961
-0.379362528313471
0.45640920823398634
-0.9423749945806521
-2.5117972368666077
-0.028249892699662355
-1.3544410289720592
0.7894039747154251
1.7165114841148907
-0.5924399506894501
-0.8682819461650568
-0.18155010772248997
-0.016478269336960196
0.36051028923126677
-0.43526281800283667
0.4191487815800877
-0.4537088027726898
-0.9404392586965634
1.4464055985970072
-0.47660226064570393
-0.5242450910496608
0.7715372268061882
1.7868729738001128
-0.11909162099110518
-0.13926255501573667
1.1797718621644935
0.7225531787604834
-0.8950396568474379
-0.23121977053562698
0.46467481085429563
0.2205832454549224
-0.021862606823210853
-1.4125067225218422
-0.7727907563922308
-0.9746115997618
-0.12733151750729405
0.9257386142263134
1.206783257784052
-0.38842834744344296
-1.3778106820819847
-0.010820043151728818
0.1933536654486435
0.29543019307228013
0.23615750292823628
0.13437397759736985
-0.11931428609073975
1.0319597057797378
-1.1135466555594702
-0.8766884680829454
0.0320086235371782
1.371892904473687
-0.6471881279808701
-0.11098544869753307
1.4692760301902996
0.23277357378520128
0.10429727412508229
-0.9022166153275458
-1.9473536743263864
-0.3413217436429864
-0.08398814187108906
-1.4518979906553637
-0.3291263831443507
1.7069848526703968
1.159579500527254
0.27190129873007995
0.29802486766084596
-0.4355407761819689
-2.2286777235627198
-0.9766649398045878
-1.3345971635975298
-0.4125815390113355
0.3132085924609757
-1.5894442562529294
0.40444939770533334
1.3653975060279568
-0.4807456103951787
-1.9522403184098667
0.2619681522068682
0.5428884433259071
-0.48350124804700934
-0.9057373567623531
-2.4454141888685466
-0.8934633524644567
0.6843368485413809
0.6693412500321558
-1.1645399935475138
-0.6776324679369113
1.7567722340105238
-1.6316257484911993
-0.7117153025097579
-0.8360654443319229
-0.16212273886425538
0.986159043427041
-0.7236755117088408
-0.19342855086420507
-2.2578436166358724
1.6196170717597977
0.8400588840943215
1.0451333033680852
-0.7586797053282957
0.8718031858622478
-0.653277473974509
1.0327844133618331
-1.0313477462902116
1.3834068250210052
-1.1227877655590137
-0.8701287820971657
0.5063539023390057
0.5894120591854638
-1.5226117249991353
-0.5408609592281489
1.1026253683422105
-0.1510179495085307
1.039167872805734
-0.3483573511957846
-0.3267557271091609
1.0310042934311385
1.1804470446337836
-0.13551865685549258
-0.9388960122033077
-1.0463680388984915
-0.8784626145201442
-0.9956647940454215
-2.193959988709939
-1.1603182847712408
0.004968976592332218
0.12152906278163532
-0.058407969370990895
-0.15591047044714193
1.1637746245415719
-1.2804645855592363
-0.463307879917458
0.560598156442717
1.719909345746272
1.8483434047604936
2.3260501373404288
0.5287449857298427
0.4923974784337646
-0.5594820183520314
-0.05527935032800233
0.1841740507251587
0.5543218098974534
-0.2629251932079642
-0.4579653016834152
1.434168126414372
-0.6661248888981917
-0.7694488968849721
1.0370567606541996
-1.4697210977979274
-0.8942158760625462
0.4418483733948306
-1.3135398463330556
0.8737839196155871
1.625342296459303
-1.111081252805205
-0.7415381952566793
0.6597907002073381
0.3633898161625569
-0.03681080096743438
0.9013277937771502
-0.6248416141085199
-0.03214734924480465
-1.1000131969065268
1.2522075040433713
2.276051702287888
-0.2834072037444342
1.3365192456168844
1.952491772371435
-0.3838267509885946
0.40419331477887277
-1.5408382429064398
-1.034387292349899
-0.23301676146608183
-0.37800516161818415
-0.9742899217169803
-1.769541216817341
-1.2936247876321172
-0.21984435640090338
-0.13237910889894736
0.9883422874728321
-0.7064889744697418
-0.034768831793671504
-0.06906522768002832
-0.1568337347491104
-1.5509152294061859
-0.49816977678010516
0.9907870934950788
1.307611183927811
-1.3516298589901765
-0.4029344581438933
0.9031938868203139
0.7496730269779576
-1.7871094117352109
-0.2480519178984323
0.7727149863148646
0.33571181736244016
0.9457571947093106
-0.6319457051885389
0.6095007143695145
-0.06942337322400252
1.2647782203623648
-0.6001108573815446
1.4206604640370457
0.4749816871577251
0.18632911529563984
3.1574051186456407
0.5581899543569173
1.244921890173068
0.6430742467962808
-0.9447351685072655
0.8670373587020614
-0.845458745969698
-1.7828128440602182
-0.6838538370839933
0.8864854517284552
1.31533898709343
0.4379305624488863
0.4254573810554431
-0.34235216999448326
-1.301976039566152
-0.19246732699935687
0.027408856889262725
